
m = [[17, 71, 75, 89, 45, 10, 54, 26, 59, 47, 57, 64, 44], \
    [67, 25, 47, 49, 28, 40, 10, 17, 77, 35, 87, 15, 68], \
    [66, 89, 28, 43, 16, 14, 12, 21, 68, 22, 14, 18, 59], \
    [60, 35, 30, 23, 22, 37, 49, 89, 82, 80, 85, 28, 17], \
    [61, 42, 39, 46, 29, 38, 85, 72, 44, 60, 47, 35, 52], \
    [44, 28, 24, 40, 71, 71, 46, 25, 78, 54, 66, 84, 52], \
    [29, 71, 7, 38, 71, 60, 71, 60, 16, 82, 35, 39, 23], \
    [18, 61, 38, 7, 8, 32, 67, 43, 23, 28, 29, 16, 30], \
    [45, 30, 74, 9, 84, 78, 11, 80, 42, 64, 9, 39, 26], \
    [78, 57, 54, 66, 57, 63, 10, 42, 61, 19, 26, 25, 53], \
    [38, 87, 10, 64, 75, 26, 14, 68, 19, 33, 75, 50, 18], \
    [52, 81, 24, 67, 37, 78, 17, 19, 61, 82, 57, 24, 54]]

for ligne in m:
    for elt in ligne:
        if elt % 7 == 0:
            print('*', end = '')
        else:
            print(' ', end = '')
    print('')
